2,0.8,9.8
0,7.3,2.3
4,8.9,0.2
4,11.5,-1.9
4,10.2,0.5
4,9.8,1.2
4,10.3,-0.3
4,9.7,0.8
-------------------------------------------
2,0.8,9.8
0,7.3,2.3
4,8.9,0.2
4,11.5,-1.9
4,10.2,0.5
4,9.8,1.2
4,10.3,-0.3
4,9.7,0.8
-------------------------------------------
2,0.8,9.8
0,8.1,3.4
0,7.3,2.3
0,9.1,3.1
4,8.9,0.2
4,10.2,0.5
4,9.8,1.2
0,8.5,2.7
4,10.3,-0.3
4,9.7,0.8
0,8.3,2.9
2,0.9,9.6
-------------------------------------------
2,0.8,9.8
0,8.1,3.4
0,7.3,2.3
0,9.1,3.1
4,8.9,0.2
4,10.2,0.5
4,9.8,1.2
0,8.5,2.7
4,10.3,-0.3
4,9.7,0.8
0,8.3,2.9
2,0.9,9.6
-------------------------------------------
2,0.8,9.8
0,8.1,3.4
0,7.3,2.3
0,9.1,3.1
4,8.9,0.2
4,10.2,0.5
4,9.8,1.2
0,8.5,2.7
4,10.3,-0.3
4,9.7,0.8
0,8.3,2.9
2,0.9,9.6
-------------------------------------------
2,0.4,7.2
2,0.8,9.8
4,8.9,0.2
0,11.5,-1.9
4,10.2,0.5
4,9.8,1.2
0,10.3,-0.3
4,9.7,0.8
2,0.0,7.1
2,0.9,9.6
-------------------------------------------
2,0.4,7.2
2,0.8,9.8
4,8.9,0.2
0,11.5,-1.9
4,10.2,0.5
4,9.8,1.2
0,10.3,-0.3
4,9.7,0.8
2,0.0,7.1
2,0.9,9.6
-------------------------------------------
4,0.8,9.8
4,0.9,9.6
-------------------------------------------
4,0.8,9.8
2,9.1,3.1
0,9.8,1.2
0,9.7,0.8
4,0.9,9.6
-------------------------------------------
4,0.8,9.8
2,9.1,3.1
0,8.9,0.2
0,10.2,0.5
0,9.8,1.2
2,8.5,2.7
0,9.7,0.8
4,0.9,9.6
-------------------------------------------
4,0.4,7.2
4,-1.5,7.3
4,7.3,2.3
0,8.9,0.2
2,11.5,-1.9
2,10.2,0.5
2,10.3,-0.3
4,0.0,7.1
-------------------------------------------
4,0.4,7.2
4,0.8,9.8
4,-1.5,7.3
0,8.9,0.2
2,11.5,-1.9
2,10.3,-0.3
4,0.0,7.1
4,0.9,9.6
-------------------------------------------
4,0.4,7.2
4,0.8,9.8
4,-1.5,7.3
0,8.9,0.2
2,11.5,-1.9
2,10.3,-0.3
4,0.0,7.1
4,0.9,9.6
-------------------------------------------
4,0.8,9.8
0,8.9,0.2
0,10.2,0.5
0,9.8,1.2
2,10.3,-0.3
0,9.7,0.8
4,0.9,9.6
-------------------------------------------
4,0.8,9.8
0,8.9,0.2
2,10.2,0.5
0,9.8,1.2
2,10.3,-0.3
0,9.7,0.8
4,0.9,9.6
-------------------------------------------
4,0.8,9.8
0,8.9,0.2
2,10.2,0.5
0,9.8,1.2
2,10.3,-0.3
0,9.7,0.8
4,0.9,9.6
-------------------------------------------
4,0.4,7.2
0,0.8,9.8
2,-1.5,7.3
4,0.0,7.1
0,0.9,9.6
-------------------------------------------
4,0.4,7.2
0,0.8,9.8
2,-1.5,7.3
4,0.0,7.1
0,0.9,9.6
-------------------------------------------
4,0.4,7.2
0,0.8,9.8
2,-1.5,7.3
4,0.0,7.1
0,0.9,9.6
-------------------------------------------
4,0.4,7.2
0,0.8,9.8
2,-1.5,7.3
4,0.0,7.1
0,0.9,9.6
-------------------------------------------
4,0.4,7.2
0,0.8,9.8
2,-1.5,7.3
4,0.0,7.1
0,0.9,9.6
-------------------------------------------
