-------------------------------------------
0,7.300000190734863,2.299999952316284
2,0.799999992052714,9.799999872843424
4,10.318181818181818,-0.12727272713726218
-------------------------------------------
0,7.300000190734863,2.299999952316284
2,0.75,9.849999904632568
4,10.4,-0.2899999998509884
-------------------------------------------
0,8.371428762163434,2.7714285850524902
2,0.8666666547457377,9.700000127156576
4,9.774999976158142,0.7125000031664968
-------------------------------------------
0,8.487500190734863,2.6625000089406967
2,0.8666666547457377,9.700000127156576
4,9.842857088361468,0.542857149881976
-------------------------------------------
0,8.487500190734863,2.6625000089406967
2,0.8666666547457377,9.700000127156576
4,9.842857088361468,0.542857149881976
-------------------------------------------
0,10.900000095367432,-0.9333333435157934
2,0.5624999962747097,8.487499952316284
4,9.566666603088379,1.0166666731238365
-------------------------------------------
0,10.900000095367432,-0.9333333435157934
2,0.5624999962747097,8.487499952316284
4,9.566666603088379,1.0166666731238365
-------------------------------------------
0,9.400000095367432,1.699999988079071
2,8.699999809265137,2.4000000953674316
4,0.824999988079071,9.75
-------------------------------------------
0,9.575000047683716,1.3500000089406967
2,8.800000190734863,2.699999968210856
4,0.824999988079071,9.75
-------------------------------------------
0,9.566666603088379,1.0166666731238365
2,8.725000143051147,2.699999988079071
4,0.824999988079071,9.75
-------------------------------------------
0,8.899999618530273,0.20000000298023224
2,10.800000054495674,-0.7285714372992516
4,0.21111113164159986,6.777777751286824
-------------------------------------------
0,8.899999618530273,0.20000000298023224
2,10.900000095367432,-0.9333333435157934
4,-0.17500000447034836,8.141666650772095
-------------------------------------------
0,8.899999618530273,0.20000000298023224
2,10.900000095367432,-0.9333333435157934
4,-0.17500000447034836,8.141666650772095
-------------------------------------------
0,9.566666603088379,1.0166666731238365
2,10.400000095367432,-0.20000000670552254
4,0.824999988079071,9.75
-------------------------------------------
0,9.439999961853028,1.1200000077486039
2,10.450000047683716,-0.12500000931322575
4,0.824999988079071,9.75
-------------------------------------------
0,9.439999961853028,1.1200000077486039
2,10.450000047683716,-0.12500000931322575
4,0.824999988079071,9.75
-------------------------------------------
0,0.824999988079071,9.75
2,-1.6500000059604645,7.450000047683716
4,0.30000000447034836,7.224999904632568
-------------------------------------------
0,0.824999988079071,9.75
2,-1.6500000059604645,7.450000047683716
4,0.30000000447034836,7.224999904632568
-------------------------------------------
0,0.824999988079071,9.75
2,-1.6500000059604645,7.450000047683716
4,0.30000000447034836,7.224999904632568
-------------------------------------------
0,0.824999988079071,9.75
2,-1.6500000059604645,7.450000047683716
4,0.30000000447034836,7.224999904632568
-------------------------------------------
0,0.824999988079071,9.75
2,-1.6500000059604645,7.450000047683716
4,0.30000000447034836,7.224999904632568
