-------------------------------------------
1,0.8999999761581421,9.600000381469727
3,8.657143047877721,2.714285731315613
5,-0.6750000007450581,7.337499976158142
-------------------------------------------
1,0.8999999761581421,9.650000095367432
3,8.762500166893005,2.562500014901161
5,-0.6750000007450581,7.337499976158142
-------------------------------------------
1,0.699999988079071,9.899999618530273
3,-0.6750000007450581,7.337499976158142
5,11.150000095367432,-1.300000011920929
-------------------------------------------
1,0.699999988079071,9.899999618530273
3,-0.6750000007450581,7.337499976158142
5,11.150000095367432,-1.300000011920929
-------------------------------------------
1,0.699999988079071,9.899999618530273
3,-0.6750000007450581,7.337499976158142
5,11.150000095367432,-1.300000011920929
-------------------------------------------
1,8.550000190734863,2.850000023841858
3,-1.6500000059604645,7.450000047683716
5,7.300000190734863,2.299999952316284
-------------------------------------------
1,8.550000190734863,2.850000023841858
3,-1.6500000059604645,7.450000047683716
5,7.300000190734863,2.299999952316284
-------------------------------------------
1,8.316666920979818,2.8333333333333335
3,10.4,-0.2899999998509884
5,-0.6750000007450581,7.337499976158142
-------------------------------------------
1,8.050000190734863,2.825000047683716
3,10.5625,-0.6125000072643161
5,-0.6750000007450581,7.337499976158142
-------------------------------------------
1,7.900000254313151,2.8666667143503823
3,10.900000095367432,-0.9333333435157934
5,-0.6750000007450581,7.337499976158142
-------------------------------------------
1,9.166666666666666,1.9333333571751912
3,9.75,1.0000000298023224
5,5.1000001430511475,5.966666671964857
-------------------------------------------
1,8.600000169542101,2.533333341280619
3,9.899999936421713,0.8333333532015482
-------------------------------------------
1,8.487500190734863,2.6625000089406967
3,9.799999952316284,1.0000000149011612
-------------------------------------------
1,-0.6750000007450581,7.337499976158142
3,8.371428762163434,2.7714285850524902
5,11.150000095367432,-1.300000011920929
-------------------------------------------
1,-0.6750000007450581,7.337499976158142
3,8.371428762163434,2.7714285850524902
5,11.266666730244955,-1.5333333412806194
-------------------------------------------
1,-0.6750000007450581,7.337499976158142
3,8.371428762163434,2.7714285850524902
5,11.266666730244955,-1.5333333412806194
-------------------------------------------
1,10.318181818181818,-0.12727272713726218
3,8.316666920979818,2.8333333333333335
5,9.0,2.150000035762787
-------------------------------------------
1,10.466666645473904,-0.45555556068817776
3,8.316666920979818,2.8333333333333335
5,9.325000047683716,1.7500000298023224
-------------------------------------------
1,10.800000054495674,-0.7285714372992516
3,8.371428762163434,2.7714285850524902
5,9.439999961853028,1.1200000077486039
-------------------------------------------
1,10.900000095367432,-0.9333333435157934
3,8.371428762163434,2.7714285850524902
5,9.566666603088379,1.0166666731238365
-------------------------------------------
1,10.900000095367432,-0.9333333435157934
3,8.371428762163434,2.7714285850524902
5,9.566666603088379,1.0166666731238365
